K means whether to use kernel estimator, and D means whether to use supervised discretization.

K=F D=F
=== Stratified cross-validation ===
=== Summary ===

Correctly Classified Instances       12827               64.1382 %
Incorrectly Classified Instances      7172               35.8618 %
Kappa statistic                          0.627 
Mean absolute error                      0.0323
Root mean squared error                  0.1391
Relative absolute error                 43.6481 %
Root relative squared error             72.3271 %
Total Number of Instances            19999     

=== Detailed Accuracy By Class ===

                 TP Rate  FP Rate  Precision  Recall   F-Measure  MCC      ROC Area  PRC Area  Class
                 0.695    0.012    0.699      0.695    0.697      0.684    0.955     0.769     T
                 0.770    0.027    0.529      0.770    0.627      0.621    0.943     0.790     I
                 0.704    0.019    0.613      0.704    0.655      0.642    0.966     0.727     D
                 0.695    0.005    0.858      0.695    0.768      0.764    0.982     0.859     N
                 0.546    0.018    0.544      0.546    0.545      0.527    0.944     0.574     G
                 0.294    0.025    0.316      0.294    0.304      0.279    0.912     0.289     S
                 0.706    0.030    0.480      0.706    0.572      0.562    0.968     0.562     B
                 0.873    0.007    0.842      0.873    0.857      0.852    0.967     0.889     A
                 0.715    0.006    0.822      0.715    0.764      0.758    0.946     0.799     J
                 0.886    0.019    0.664      0.886    0.759      0.756    0.988     0.838     M
                 0.466    0.026    0.420      0.466    0.442      0.418    0.948     0.461     X
                 0.732    0.033    0.467      0.732    0.570      0.565    0.959     0.690     O
                 0.672    0.018    0.602      0.672    0.635      0.620    0.978     0.720     R
                 0.728    0.013    0.689      0.728    0.708      0.696    0.957     0.762     F
                 0.755    0.008    0.775      0.755    0.765      0.757    0.970     0.805     C
                 0.305    0.010    0.540      0.305    0.390      0.389    0.889     0.422     H
                 0.793    0.014    0.689      0.793    0.737      0.728    0.990     0.811     W
                 0.762    0.001    0.965      0.762    0.852      0.853    0.929     0.827     L
                 0.740    0.004    0.875      0.740    0.802      0.797    0.974     0.868     P
                 0.354    0.009    0.604      0.354    0.447      0.447    0.941     0.542     E
                 0.813    0.016    0.674      0.813    0.737      0.729    0.970     0.793     V
                 0.331    0.006    0.682      0.331    0.446      0.461    0.963     0.604     Y
                 0.534    0.016    0.580      0.534    0.556      0.539    0.955     0.591     Q
                 0.720    0.005    0.854      0.720    0.781      0.776    0.960     0.835     U
                 0.449    0.019    0.481      0.449    0.465      0.445    0.951     0.492     K
                 0.608    0.007    0.768      0.608    0.678      0.672    0.969     0.773     Z
Weighted Avg.    0.641    0.014    0.656      0.641    0.638      0.630    0.957     0.697     

=== Confusion Matrix ===

   a   b   c   d   e   f   g   h   i   j   k   l   m   n   o   p   q   r   s   t   u   v   w   x   y   z   <-- classified as
 553   0   4   0  24  14   1   0   0   1  26   2   2  53   2   4   0   0   0  10  11  45   3   3  31   7 |   a = T
   2 581  44   0   0  47  20   0  24   0   1   0   1   8   0   0   0   4   4   9   0   0   4   0   1   5 |   b = I
   0  39 567   1   0  15  68  10  15   7   3  30  29   1   0   4   0   0   3   0   0   0   0   0  13   0 |   c = D
   0   1  20 544   0   3   6   3   1  21   0  32  10   1   0  61  30   0   2   0  24   0   2  11  11   0 |   d = N
   0  11  12   1 422  19  16  12   0  15   3  15  16   1 125   4  25   0   0   1   0   0  58   0  17   0 |   e = G
  13  72   9   0   9 220 134  42   3   1  98   0  10  10   1   4   0   1   2  10   5   1  24   4   1  74 |   f = S
   0  72  29   0  10   5 541   0   3  15   5   2  50   1   0   7  12   0   0   0   0   0   7   0   7   0 |   g = B
   0   0   1  12   0  27   0 688   3  18   4   0   4   0   0   7   3   0   0   0   0   7   6   1   7   0 |   h = A
   0  36  33   1   0  44  29   0 534   1   4   7  14  20   0   2   0   0  11   0   0   0   5   0   2   4 |   i = J
   0   0   0   4   2   0  14  19   0 702   0   4   1   0   0   9  17   0   0   0   0   0   1   2  17   0 |   j = M
  23  74   9   0   0  26  36   0   5   0 367 136   4   0   0   1   1   6   2  11   0   5   2  29  26  24 |   k = X
   0  22  26   7  15   0  12   5   0  21   0 551  32   0   4   4  18   0   6   0   2   0   9   1  18   0 |   l = O
   0  11  54   1   3   2  69   1  14  28   3   7 509   0   0  22   6   0   0   0   0   0   4   0  24   0 |   m = R
  16   8  23  11  14  16  42   0   0   1   8   0   4 564   0   3   7   0  33   0   0   5  20   0   0   0 |   n = F
   9   0   0   0  38  13   0   0   0   5   0  18   1   1 556   1   0   0   2  19   1   0  12   6  54   0 |   o = C
   0  13  48   7  11   3  36   4   0  22 116 127  45   8   0 224  12   0   0   0   4  12   6  14  22   0 |   p = H
   0   0   0   6   3   0  11   0   0  63   0  13   0   0   0   8 596   0   1   0  50   1   0   0   0   0 |   q = W
   0   0   0   0  19   3  18   3  35   2   5   1   7   0   3   0   0 580   0  11   0   4  38   0  32   0 |   r = L
   2   1  14   6  26   1   7   0   0   2   0   3   0  78   0   7  45   0 594   0   1   6  10   0   0   0 |   s = P
  15  59   2   0 122  43  12   0   0   0 118   0   3   1  11   3   2   0   0 272   0   3  48   5  29  20 |   t = E
   0   0   0   2   4   2  19   0   0  20   0   0   2   4   0   4  50   0  15   0 621  20   1   0   0   0 |   u = V
 139   0   5   3   0  32   0   0   0   8   1   1   0  59   0   0  30   0   4   0 201 260  34   8   1   0 |   v = Y
   0  11   3   0  16  66  12  16   3  16   1 190  19   0   0   0   3   4   0   0   1   2 418   0   1   1 |   w = Q
   0   0   5  21   4   0   0   0   0  64   1  41   0   3   9  30   6   1   0   0   1   2   2 585  38   0 |   x = U
   8  14  16   7  34   0  23   2   0  25  93   0  71   0   6   6   2   0   0  80   0   1   3  16 332   0 |   y = K
  11  74   1   0   0  96   1  12  10   0  17   0  12   5   0   0   0   5   0  27   0   7   4   0   6 446 |   z = Z




K=T D=F
=== Stratified cross-validation ===
=== Summary ===

Correctly Classified Instances       14836               74.1837 %
Incorrectly Classified Instances      5163               25.8163 %
Kappa statistic                          0.7315
Mean absolute error                      0.0231
Root mean squared error                  0.1188
Relative absolute error                 31.269  %
Root relative squared error             61.8014 %
Total Number of Instances            19999     

=== Detailed Accuracy By Class ===

                 TP Rate  FP Rate  Precision  Recall   F-Measure  MCC      ROC Area  PRC Area  Class
                 0.746    0.004    0.875      0.746    0.805      0.801    0.977     0.844     T
                 0.763    0.007    0.808      0.763    0.785      0.777    0.976     0.844     I
                 0.737    0.016    0.664      0.737    0.698      0.686    0.980     0.798     D
                 0.805    0.010    0.760      0.805    0.782      0.773    0.983     0.872     N
                 0.719    0.015    0.656      0.719    0.686      0.674    0.971     0.780     G
                 0.642    0.018    0.576      0.642    0.607      0.592    0.968     0.656     S
                 0.753    0.022    0.575      0.753    0.652      0.643    0.983     0.769     B
                 0.867    0.006    0.851      0.867    0.859      0.853    0.988     0.914     A
                 0.770    0.004    0.894      0.770    0.827      0.824    0.977     0.865     J
                 0.880    0.018    0.667      0.880    0.759      0.755    0.993     0.903     M
                 0.643    0.010    0.732      0.643    0.685      0.674    0.980     0.774     X
                 0.736    0.017    0.631      0.736    0.679      0.668    0.976     0.789     O
                 0.789    0.019    0.626      0.789    0.698      0.690    0.986     0.781     R
                 0.764    0.009    0.776      0.764    0.770      0.761    0.981     0.845     F
                 0.724    0.003    0.893      0.724    0.800      0.798    0.987     0.874     C
                 0.574    0.009    0.702      0.574    0.631      0.622    0.953     0.697     H
                 0.858    0.011    0.756      0.858    0.804      0.797    0.994     0.905     W
                 0.756    0.001    0.981      0.756    0.854      0.857    0.966     0.862     L
                 0.801    0.006    0.839      0.801    0.820      0.813    0.985     0.889     P
                 0.607    0.008    0.744      0.607    0.669      0.660    0.981     0.765     E
                 0.783    0.003    0.901      0.783    0.838      0.834    0.988     0.893     V
                 0.710    0.005    0.844      0.710    0.771      0.766    0.983     0.846     Y
                 0.690    0.021    0.574      0.690    0.627      0.613    0.979     0.726     Q
                 0.755    0.005    0.876      0.755    0.811      0.806    0.986     0.873     U
                 0.674    0.017    0.604      0.674    0.637      0.623    0.972     0.735     K
                 0.728    0.004    0.884      0.728    0.798      0.795    0.988     0.868     Z
Weighted Avg.    0.742    0.010    0.758      0.742    0.745      0.737    0.980     0.822     

=== Confusion Matrix ===

   a   b   c   d   e   f   g   h   i   j   k   l   m   n   o   p   q   r   s   t   u   v   w   x   y   z   <-- classified as
 594   0   2   3  13  22   5   0   0   3  16   3   1  24   4   7   0   0   0  19  11  25   4  14  22   4 |   a = T
   0 576  32   1   0  52  15   2  14   0   5   0   2   5   1   7   0   0   8  14   0   4  16   1   0   0 |   b = I
   0   4 593   1   4   4  71  14   4   1   1  23  41   5   0  16   1   0   3   0   0   0   7   0  12   0 |   c = D
   0   0  25 630   3   1  15   0   5  27   1  12  13   1   0  15  17   0   2   0   5   1   0   9   1   0 |   d = N
   0   2   5   4 556  21  11   9   2   9   1   8   8   2  23   1  26   0   0   6   0   0  70   0   9   0 |   e = G
  10  20   6   0  16 480  69  38   2   0  10   1   9  11   2   5   0   4   6   6   5   0  21   8   5  14 |   f = S
   0  14  21  12   5   5 577   0   1  22   8   6  59   0   0   3  13   0   0   0   2   1   6   0  10   1 |   g = B
   1   0   1  15   0  16   1 683   1  19  14   2  12   0   0   6   4   3   0   2   0   1   4   0   3   0 |   h = A
   0   5  18   3   0  27  10   2 575   2   6   4  29  14   0  10   0   0  14   1   0   0  12   0   0  15 |   i = J
   0   0   0  16   4   0   5  22   0 697   0   4   5   0   0   4  12   0   0   1   0   0   2   1  19   0 |   j = M
   1  46  11   0   2  21  32   0   1   1 506  47   5   8   0  11   0   2   0  12   0   4   3   9  47  18 |   k = X
   0  17  18   7  32   1  10   2   0  12   0 554  25   0   0   9  16   0   8   0   0   0  25   5  12   0 |   l = O
   0   1  35  23   4   3  31   0   0  28   5   1 598   0   0  11   1   0   0   2   0   0  11   0   4   0 |   m = R
   7   1  18  11  10  28  20   0   1   1  13   0   8 592   0   6   6   0  31   5   0   5  10   0   1   1 |   n = F
   3   4   0   5  51  11   0   0   0   6   1   7   2   3 533   0   0   0   0  28   0   3  25   4  48   2 |   o = C
   0   0  50  10   7   0  33   3   0  16   4  43  48   6   0 421  12   0   2   1   3  10  10   7  48   0 |   p = H
   0   0   0   5  10   0   2   0   0  49   0   4   0   0   0  18 645   0   0   0  11   4   4   0   0   0 |   q = W
   1   0   0  18  18   6  17   9  25   7   5   0   7   0   4   3   0 575   0   1   0   0  41   1  22   1 |   r = L
   1   0  13   3  14   1   8   0   1   3   0   7   1  48   0   5  26   0 643   6   0  11  11   0   1   0 |   s = P
  12  10   0   1  39  24  14   0   1   1  59   0   5   3  16   2   3   0   0 466   1   1  35  13  48  14 |   t = E
   0   0   0  10   6   0  12   0   0  22   0   0   1   5   0   5  42   0  28   0 598  27   7   1   0   0 |   u = V
  42   0   6   4   0  17   1   0   0  10   1   1   0  30   0   3  23   0  21   0  24 558  34  11   0   0 |   v = Y
   0   1  10   3  29  34  11   6   5  18   0 115   5   0   0   1   0   0   0   1   2   0 540   1   1   0 |   w = Q
   0   1   6  39   3   4   3   0   0  61   2  36   0   0   1   4   4   0   0   0   2   3  17 614  13   0 |   x = U
   0   0  18   5  21   3  20   1   0  30  22   0  55   2   5  24   2   0   0  29   0   0   2   2 498   0 |   y = K
   7  11   5   0   0  52  11  12   5   0  11   0  16   4   8   3   0   2   0  26   0   3  23   0   1 534 |   z = Z



K=F D=T
=== Stratified cross-validation ===
=== Summary ===

Correctly Classified Instances       14807               74.0387 %
Incorrectly Classified Instances      5192               25.9613 %
Kappa statistic                          0.73  
Mean absolute error                      0.0231
Root mean squared error                  0.1192
Relative absolute error                 31.299  %
Root relative squared error             61.9984 %
Total Number of Instances            19999     

=== Detailed Accuracy By Class ===

                 TP Rate  FP Rate  Precision  Recall   F-Measure  MCC      ROC Area  PRC Area  Class
                 0.720    0.005    0.867      0.720    0.787      0.782    0.977     0.839     T
                 0.760    0.006    0.821      0.760    0.790      0.782    0.966     0.833     I
                 0.725    0.015    0.676      0.725    0.700      0.687    0.979     0.794     D
                 0.785    0.010    0.754      0.785    0.769      0.760    0.981     0.864     N
                 0.732    0.017    0.639      0.732    0.682      0.670    0.971     0.774     G
                 0.674    0.018    0.591      0.674    0.630      0.616    0.967     0.681     S
                 0.755    0.024    0.557      0.755    0.641      0.632    0.981     0.761     B
                 0.864    0.007    0.841      0.864    0.852      0.846    0.985     0.909     A
                 0.763    0.004    0.870      0.763    0.813      0.808    0.977     0.860     J
                 0.848    0.015    0.695      0.848    0.764      0.757    0.992     0.895     M
                 0.644    0.008    0.765      0.644    0.699      0.691    0.982     0.803     X
                 0.730    0.014    0.672      0.730    0.700      0.688    0.977     0.795     O
                 0.803    0.021    0.598      0.803    0.686      0.680    0.984     0.778     R
                 0.766    0.010    0.762      0.766    0.764      0.754    0.980     0.839     F
                 0.704    0.004    0.884      0.704    0.784      0.782    0.987     0.868     C
                 0.575    0.009    0.702      0.575    0.632      0.623    0.952     0.693     H
                 0.864    0.010    0.766      0.864    0.812      0.806    0.994     0.909     W
                 0.736    0.001    0.976      0.736    0.839      0.842    0.960     0.852     L
                 0.802    0.007    0.837      0.802    0.819      0.812    0.981     0.886     P
                 0.607    0.009    0.730      0.607    0.663      0.654    0.981     0.767     E
                 0.780    0.003    0.907      0.780    0.839      0.835    0.985     0.886     V
                 0.734    0.006    0.842      0.734    0.785      0.778    0.985     0.857     Y
                 0.696    0.023    0.554      0.696    0.617      0.604    0.979     0.722     Q
                 0.740    0.005    0.870      0.740    0.800      0.795    0.984     0.865     U
                 0.706    0.016    0.631      0.706    0.667      0.654    0.971     0.761     K
                 0.719    0.004    0.867      0.719    0.786      0.783    0.986     0.860     Z
Weighted Avg.    0.740    0.010    0.757      0.740    0.743      0.736    0.979     0.822     

=== Confusion Matrix ===

   a   b   c   d   e   f   g   h   i   j   k   l   m   n   o   p   q   r   s   t   u   v   w   x   y   z   <-- classified as
 573  18   2   2  12  23   7   0   0   0   9   2   1  27   5   7   0   0   0  22  13  23   4  18  23   5 |   a = T
   0 574  29   0   1  39  21   3  22   0   3   0   4   4   1   5   0   0  11  15   0   4  18   1   0   0 |   b = I
   0   3 584   1   7   5  65  11   6   0   2  25  49   6   1  15   0   0   4   0   0   0   6   0  15   0 |   c = D
   0   3  28 615   3   0  14   0   6  21   1   7  19   4   0  14  23   0   1   0   5   2   0  12   5   0 |   d = N
   0   0   6   4 566  24  10   7   0   9   3   5  11   1  19   1  25   0   0   6   1   0  64   0  10   1 |   e = G
   8   9   4   0  16 504  54  35   4   1   8   1   9  16   3  15   0   6   6   4   4   0  26   6   2   7 |   f = S
   0   6  12  13   9   8 578   0   1  18   9   4  63   0   0   7  16   0   0   0   1   0   9   0   9   3 |   g = B
   1   0   1  13   0  11   6 681   2  16  12   2  12   0   0   6   5   1   0   1   0   2  14   0   2   0 |   h = A
   2   4  15   1   0  34  15   3 570   2   3   3  30  13   0   5   0   1  14   2   0   0  13   2   2  13 |   i = J
   0   0   1  18   7   1  14  24   0 672   0   4  13   0   0   5  10   0   0   0   0   0   0   1  22   0 |   j = M
   2  43  12   0   6  21  37   4   1   1 507  37   5   7   0   6   0   0   0  16   0  14   3   1  37  27 |   k = X
   0  11  21   8  35   1  12   1   0  15   0 550  26   0   1   8  14   0   7   0   0   0  31   5   7   0 |   l = O
   0   1  29  21  10   2  29   2   0  21   4   1 609   0   0  13   2   0   0   1   0   0   9   1   3   0 |   m = R
   7   1  20   8   8  36  22   0   1   1  11   0   9 594   0   4   6   0  30   3   0   4   4   0   3   3 |   n = F
   3   7   0   7  56   7   0   0   0   3   1   5   1   5 518   0   0   0   0  48   0   2  32   4  35   2 |   o = C
   0   8  47  13   4   2  35   2   0  13   5  35  48   8   0 422   8   0   3   1   6   8  11   4  51   0 |   p = H
   0   0   0   7   9   0   5   0   0  39   0   3   0   0   0  21 650   0   0   0   7   3   6   2   0   0 |   q = W
   1   0   0  18  16   8  17  21  30   6   3   1   8   0   3   4   1 560   0   1   0   0  41   2  19   1 |   r = L
   1   0  13   1  11   3  11   0   1   3   0   4   1  44   0   6  25   0 644   6   0  12  16   0   1   0 |   s = P
  14   3   0   2  47  28  18   0   1   1  52   0   5   3  14   2   2   0   0 466   1   1  37  11  43  17 |   t = E
   0   0   0  11   5   0  11   0   0  18   1   0   2   9   0   3  37   0  27   0 596  29  10   5   0   0 |   u = V
  44   0   9   5   0  15   2   0   0  10   0   1   0  23   0   3  20   0  22   0  10 577  33  12   0   0 |   v = Y
   0   0   5   3  39  30  13   5   4  16   1  98   9   0   1   1   0   1   0   1   5   1 545   1   2   2 |   w = Q
   0   1   6  37  10   5   7   0   0  53   1  31   0   0   4   5   4   0   0   2   8   2  22 602  13   0 |   x = U
   0   0  18   7   9   2  22   2   0  27  19   0  56   2   6  19   1   3   0  19   0   0   3   2 522   0 |   y = K
   5   7   2   1   0  44  13   9   6   1   8   0  28  14  10   4   0   2   0  24   0   1  26   0   1 528 |   z = Z
