Scheme:weka.classifiers.functions.SMO -C 0.5 -L 0.001 -P 1.0E-12 -N 0 -V -1 -W 1 -K "weka.classifiers.functions.supportVector.PolyKernel -C 250007 -E 1.0"
=== Stratified cross-validation ===
=== Summary ===

Correctly Classified Instances       16147               80.739  %
Incorrectly Classified Instances      3852               19.261  %
Kappa statistic                          0.7997
Mean absolute error                      0.0712
Root mean squared error                  0.1862
Relative absolute error                 96.2056 %
Root relative squared error             96.8279 %
Total Number of Instances            19999     

=== Detailed Accuracy By Class ===

               TP Rate   FP Rate   Precision   Recall  F-Measure   ROC Area  Class
                 0.834     0.006      0.844     0.834     0.839      0.972    T
                 0.833     0.002      0.939     0.833     0.883      0.964    I
                 0.878     0.016      0.697     0.878     0.777      0.984    D
                 0.899     0.005      0.889     0.899     0.894      0.988    N
                 0.728     0.013      0.691     0.728     0.709      0.957    G
                 0.721     0.024      0.543     0.721     0.62       0.964    S
                 0.866     0.017      0.671     0.866     0.756      0.984    B
                 0.885     0.005      0.889     0.885     0.887      0.989    A
                 0.801     0.002      0.94      0.801     0.865      0.973    J
                 0.902     0.005      0.872     0.902     0.886      0.991    M
                 0.864     0.006      0.85      0.864     0.857      0.983    X
                 0.74      0.01       0.747     0.74      0.743      0.96     O
                 0.818     0.014      0.7       0.818     0.754      0.983    R
                 0.803     0.008      0.802     0.803     0.802      0.975    F
                 0.758     0.003      0.915     0.758     0.829      0.982    C
                 0.576     0.011      0.662     0.576     0.616      0.926    H
                 0.908     0.007      0.837     0.908     0.871      0.993    W
                 0.823     0.002      0.944     0.823     0.879      0.975    L
                 0.79      0.002      0.952     0.79      0.863      0.98     P
                 0.813     0.008      0.793     0.813     0.803      0.979    E
                 0.899     0.007      0.843     0.899     0.87       0.979    V
                 0.743     0.005      0.853     0.743     0.794      0.986    Y
                 0.725     0.006      0.84      0.725     0.779      0.973    Q
                 0.873     0.004      0.908     0.873     0.89       0.991    U
                 0.758     0.01       0.745     0.758     0.751      0.973    K
                 0.726     0.004      0.884     0.726     0.797      0.989    Z
Weighted Avg.    0.807     0.008      0.818     0.807     0.809      0.977

=== Confusion Matrix ===

   a   b   c   d   e   f   g   h   i   j   k   l   m   n   o   p   q   r   s   t   u   v   w   x   y   z   <-- classified as
 664   0   1   0  25  17   3   0   0   0   5   0   4   8   0  15   0   0   0  15   0   6   0   6  11  16 |   a = T
   0 629  25   0   0  44  10   0   7   0  12   0   0  14   5   1   0   2   2   0   0   1   1   0   0   2 |   b = I
   4   0 707  10   1   4  39   3   0   3   1   6  12   0   0   6   0   0   4   0   0   0   1   4   0   0 |   c = D
   0   0  22 704   0   0   1   0   0  11   0   8   7   0   0  11   5   0   1   0   3   2   0   2   6   0 |   d = N
   0   0  27   0 563  33   9   3   0   6   2   3  18   3  22   9  11   2   3   0   1   0  35   1  22   0 |   e = G
  16   1   3   0   4 539  62   4   1   0   9   1   6  14   3   0   0  25   0  21   1   6   3   0   0  29 |   f = S
   0   5  15   0  11   8 663   1   0   0   2   0  35   0   0  14   0   0   0   5   0   2   4   0   1   0 |   g = B
   0   0  10   9   4  12   1 697   2  12   1   2   3   0   0   4   3   1   0   0   0  18   1   4   4   0 |   h = A
   0  30  34   4   0  22  10  11 598   0   8   5   0  13   0   3   0   0   2   1   0   0   2   1   0   3 |   i = J
   0   0   0  14   2   0  10   5   0 714   0   1   9   0   0  11  21   0   0   0   0   0   0   4   1   0 |   j = M
   6   5  15   0   1  14   7   0   2   0 680   4   2   0   0   1   0   0   0  16   0   9   1   7  16   1 |   k = X
   1   0  46   0   7   2   0  15   0   4   0 557  15   0   4  51  38   0   3   0   0   0   8   2   0   0 |   l = O
   0   0  14  12   5   0  42   4   0   5   5   2 620   0   0  12   2   3   0   0   0   0   4   0  28   0 |   m = R
  33   0   5   8  17  28  29   0   0   0   1   0   0 622   2   6   4   0   6   8   1   2   0   1   1   1 |   n = F
   2   0   0   0  34  11   0   0   0   4   0  17   0   6 558   2   1   0   0  36   1   0   1  12  51   0 |   o = C
   1   0  50  11  14   0  27   1   2   2  10  54  60   5   1 423   0   1   4   1   7  13   8  13  26   0 |   p = H
   0   0   0   5   3   0   5   1   0  23   0   2   6   0   0  19 683   0   0   0   0   0   0   5   0   0 |   q = W
   0   0   0   0  23  20   5   1   0   0  14   0   5   0   3   5   0 626   0  34   0   6  10   2   7   0 |   r = L
   2   0   9   0  26   1   9   0   0   1   0   6   4  70   0   1   5   0 634   0   0  30   1   0   4   0 |   s = P
  10   0   0   0  40  29  12   0   0   0  12   0   6   5   1   0   0   0   0 624   0   0  11   1   7  10 |   t = E
   1   0   0   1   4   0  13   2   0   3   0   0   2   1   0  22  24   0   1   1 687   2   0   0   0   0 |   u = V
  37   0   5   1   0   4   0   1   0   3   1   0   0  14   0   5   1   0   6   0 112 584  10   2   0   0 |   v = Y
   0   0   4   0  16  69  10  30   1   0   0  50   5   0   0   2   5   2   0   8   1   4 568   0   0   8 |   w = Q
   0   0   2  13   0   0   2   0   0  27   0  28   3   0   0  10  11   0   0   0   0   0   0 710   7   0 |   x = U
   0   0  15   0  15   0  18   1   0   1  32   0  63   0  11   6   2   1   0   5   1   0   3   5 560   0 |   y = K
  10   0   5   0   0 135   1   4  23   0   5   0   1   1   0   0   0   0   0  12   0   0   4   0   0 533 |   z = Z

Scheme:weka.classifiers.functions.SMO -C 1.0 -L 0.001 -P 1.0E-12 -N 0 -V -1 -W 1 -K "weka.classifiers.functions.supportVector.PolyKernel -C 250007 -E 1.0"
=== Stratified cross-validation ===
=== Summary ===

Correctly Classified Instances       16475               82.3791 %
Incorrectly Classified Instances      3524               17.6209 %
Kappa statistic                          0.8167
Mean absolute error                      0.0711
Root mean squared error                  0.1861
Relative absolute error                 96.177  %
Root relative squared error             96.7869 %
Total Number of Instances            19999     

=== Detailed Accuracy By Class ===

               TP Rate   FP Rate   Precision   Recall  F-Measure   ROC Area  Class
                 0.853     0.007      0.842     0.853     0.848      0.979    T
                 0.844     0.003      0.926     0.844     0.883      0.971    I
                 0.886     0.014      0.727     0.886     0.798      0.986    D
                 0.908     0.003      0.919     0.908     0.913      0.988    N
                 0.741     0.012      0.717     0.741     0.729      0.963    G
                 0.733     0.021      0.581     0.733     0.648      0.967    S
                 0.866     0.013      0.725     0.866     0.789      0.987    B
                 0.911     0.005      0.882     0.911     0.896      0.991    A
                 0.819     0.003      0.916     0.819     0.865      0.979    J
                 0.913     0.004      0.906     0.913     0.909      0.992    M
                 0.87      0.005      0.869     0.87      0.87       0.984    X
                 0.746     0.009      0.771     0.746     0.758      0.968    O
                 0.827     0.014      0.706     0.827     0.762      0.985    R
                 0.826     0.007      0.817     0.826     0.822      0.978    F
                 0.765     0.003      0.914     0.765     0.833      0.985    C
                 0.604     0.011      0.68      0.604     0.64       0.932    H
                 0.916     0.007      0.837     0.916     0.875      0.994    W
                 0.853     0.002      0.947     0.853     0.898      0.981    L
                 0.801     0.002      0.954     0.801     0.871      0.983    P
                 0.823     0.007      0.817     0.823     0.82       0.982    E
                 0.899     0.005      0.877     0.899     0.888      0.984    V
                 0.793     0.005      0.877     0.793     0.833      0.988    Y
                 0.75      0.005      0.849     0.75      0.796      0.976    Q
                 0.894     0.004      0.909     0.894     0.901      0.992    U
                 0.778     0.01       0.752     0.778     0.765      0.977    K
                 0.771     0.005      0.867     0.771     0.816      0.991    Z
Weighted Avg.    0.824     0.007      0.831     0.824     0.825      0.98 

=== Confusion Matrix ===

   a   b   c   d   e   f   g   h   i   j   k   l   m   n   o   p   q   r   s   t   u   v   w   x   y   z   <-- classified as
 679   0   1   1  23  13   1   1   0   0   5   0   4   6   0  14   0   0   0  10   0   5   0   5  11  17 |   a = T
   0 637  19   0   0  41   6   1  11   0  12   0   0  13   4   1   0   3   2   0   0   1   0   0   0   4 |   b = I
   2   0 713   9   1   2  35   2   1   3   0   3  15   0   0   7   0   0   5   0   0   0   1   4   2   0 |   c = D
   0   0  20 711   0   0   1   1   0   7   0   8   6   0   0  10   7   0   1   0   3   2   0   2   4   0 |   d = N
   0   0  26   0 573  33   5   3   0   3   2   3  16   3  20   7   9   5   5   1   4   0  32   2  21   0 |   e = G
  20   9   2   0   3 548  47   4   1   0   7   1   6  13   1   0   0  12   0  22   2   3   6   0   0  41 |   f = S
   0   3  18   0  10   8 663   2   1   0   2   2  34   0   0  16   0   0   0   2   1   0   4   0   0   0 |   g = B
   0   0   7   4   4   5   1 718   4   7   0   0   6   0   0   2   2   1   0   0   0  15   2   6   4   0 |   h = A
   0  31  23   4   0  21   4  15 612   0   7   3   0  11   0   4   0   0   0   1   0   0   1   1   0   9 |   i = J
   0   0   0   9   3   0   8   5   0 723   0   1  10   0   0  11  16   0   0   0   0   0   0   5   1   0 |   j = M
   9   6  13   0   1  14   6   0   3   0 685   4   4   0   0   1   0   1   0  14   0   6   1   5  12   2 |   k = X
   0   0  44   0   4   0   0  15   1   2   0 562  11   0   7  50  41   0   3   0   0   0   9   4   0   0 |   l = O
   0   0  12  10   4   0  38   7   0   4   4   2 627   0   0  10   1   4   0   0   0   0   2   0  33   0 |   m = R
  28   1   5   6  16  27  14   1   0   0   1   0   1 640   3   7   4   0   8   6   0   2   0   2   1   2 |   n = F
   4   0   0   0  32   9   0   0   0   3   0  18   0   7 563   1   2   1   0  33   1   0   1  11  50   0 |   o = C
   1   0  47   6  13   0  25   0   3   2   8  49  58   5   1 443   0   1   3   1   7  12   9  14  26   0 |   p = H
   0   0   0   4   2   0   2   0   0  22   0   3   8   0   0  17 689   0   0   0   0   0   0   5   0   0 |   q = W
   1   0   0   0  19  20   5   2   0   0  10   0   5   0   3   4   0 649   0  27   0   1  10   0   5   0 |   r = L
   2   0   8   0  24   2   9   0   0   0   0   9   2  66   0   0   2   0 643   0   1  29   2   0   4   0 |   s = P
  13   0   0   0  35  24   6   0   0   0  12   0   8   6   3   0   0   2   0 632   0   0  12   1   7   7 |   t = E
   1   0   0   0   4   0  12   5   0   1   0   0   3   0   0  20  25   0   1   0 687   5   0   0   0   0 |   u = V
  38   0   5   2   0   4   0   3   0   3   1   0   0  12   0   7   2   0   3   0  76 623   5   2   0   0 |   v = Y
   0   0   3   0  14  71   8  25   1   0   0  37   6   0   0   2   5   3   0   9   1   6 587   0   0   5 |   w = Q
   0   0   0   8   0   0   2   0   0  17   0  24   2   0   0   8  16   0   0   0   0   0   0 727   9   0 |   x = U
   0   0  14   0  14   0  14   1   0   1  30   0  56   0  11   8   2   3   0   2   0   0   4   4 575   0 |   y = K
   8   1   1   0   0 102   2   3  30   0   2   0   0   1   0   1   0   0   0  14   0   0   3   0   0 566 |   z = Z

Scheme:weka.classifiers.functions.SMO -C 1.5 -L 0.001 -P 1.0E-12 -N 0 -V -1 -W 1 -K "weka.classifiers.functions.supportVector.PolyKernel -C 250007 -E 1.0"
=== Stratified cross-validation ===
=== Summary ===

Correctly Classified Instances       16630               83.1542 %
Incorrectly Classified Instances      3369               16.8458 %
Kappa statistic                          0.8248
Mean absolute error                      0.0711
Root mean squared error                  0.1861
Relative absolute error                 96.1641 %
Root relative squared error             96.7669 %
Total Number of Instances            19999     

=== Detailed Accuracy By Class ===

               TP Rate   FP Rate   Precision   Recall  F-Measure   ROC Area  Class
                 0.864     0.007      0.836     0.864     0.85       0.982    T
                 0.852     0.003      0.92      0.852     0.884      0.973    I
                 0.889     0.014      0.728     0.889     0.801      0.987    D
                 0.914     0.003      0.926     0.914     0.92       0.989    N
                 0.746     0.012      0.718     0.746     0.732      0.965    G
                 0.745     0.019      0.607     0.745     0.669      0.969    S
                 0.866     0.011      0.751     0.866     0.804      0.988    B
                 0.919     0.004      0.894     0.919     0.906      0.992    A
                 0.842     0.003      0.916     0.842     0.877      0.981    J
                 0.92      0.004      0.915     0.92      0.918      0.993    M
                 0.874     0.005      0.88      0.874     0.877      0.986    X
                 0.745     0.008      0.78      0.745     0.762      0.971    O
                 0.827     0.013      0.708     0.827     0.763      0.986    R
                 0.831     0.007      0.827     0.831     0.829      0.979    F
                 0.77      0.003      0.904     0.77      0.832      0.986    C
                 0.609     0.01       0.703     0.609     0.653      0.934    H
                 0.927     0.007      0.847     0.927     0.885      0.995    W
                 0.854     0.002      0.953     0.854     0.901      0.984    L
                 0.808     0.002      0.953     0.808     0.875      0.984    P
                 0.828     0.007      0.823     0.828     0.825      0.983    E
                 0.901     0.004      0.899     0.901     0.9        0.986    V
                 0.822     0.004      0.891     0.822     0.855      0.989    Y
                 0.762     0.006      0.846     0.762     0.802      0.979    Q
                 0.892     0.004      0.911     0.892     0.901      0.992    U
                 0.782     0.01       0.76      0.782     0.771      0.978    K
                 0.801     0.005      0.863     0.801     0.831      0.992    Z
Weighted Avg.    0.832     0.007      0.838     0.832     0.833      0.982

=== Confusion Matrix ===

   a   b   c   d   e   f   g   h   i   j   k   l   m   n   o   p   q   r   s   t   u   v   w   x   y   z   <-- classified as
 688   0   1   1  20  12   3   1   0   0   6   0   4   4   0  12   0   0   1  10   0   4   0   3  11  15 |   a = T
   0 643  18   0   0  37   4   1  13   0  10   0   0  13   3   1   0   4   2   1   0   1   0   0   0   4 |   b = I
   2   0 716   7   1   3  33   2   1   3   0   3  12   1   0   8   0   0   4   0   0   0   1   6   2   0 |   c = D
   0   0  22 716   0   0   2   0   0   5   0   8   7   0   0   8   6   0   1   0   4   0   0   2   2   0 |   d = N
   0   0  26   0 577  31   3   2   0   2   2   5  15   3  22   6   8   5   5   1   6   0  33   2  19   0 |   e = G
  20   8   2   0   4 557  37   3   1   0   5   1   7  17   2   0   0   8   0  21   0   2   8   0   0  45 |   f = S
   0   3  19   0  10   7 663   2   1   0   2   1  36   0   0  14   0   0   0   3   1   0   4   0   0   0 |   g = B
   1   0   5   4   4   4   1 724   4   7   0   0   6   0   0   2   2   1   0   0   0  13   1   5   4   0 |   h = A
   0  33  19   4   0  16   2  11 629   0   7   3   1   7   0   2   0   0   0   1   0   0   0   1   0  11 |   i = J
   0   0   0   6   2   0   9   5   0 729   0   1  11   0   0  10  12   0   0   0   0   0   0   7   0   0 |   j = M
   7   9  13   0   1  14   5   0   4   0 688   4   3   0   0   1   0   1   0  13   0   4   1   4  12   3 |   k = X
   0   0  43   0   2   0   0  16   1   2   0 561  11   0   8  51  41   0   3   0   0   0  10   4   0   0 |   l = O
   0   0  12  11   4   0  31   7   0   2   4   4 627   0   0  12   1   4   0   0   0   0   3   0  36   0 |   m = R
  31   2   6   4  18  24   9   1   2   0   0   0   1 644   2   7   4   0   9   4   0   2   0   2   1   2 |   n = F
   5   0   0   0  34   6   0   0   0   3   0  19   0   5 567   1   2   2   0  34   1   0   1   9  47   0 |   o = C
   1   0  47   5  16   0  24   0   4   2   8  48  60   5   0 447   0   1   3   0   6  11   8  12  26   0 |   p = H
   0   0   0   3   2   0   5   0   0  21   0   3   5   0   0  10 697   0   0   0   0   0   0   6   0   0 |   q = W
   2   0   3   0  18  19   4   2   0   0   9   1   5   0   6   2   0 650   0  24   0   0  12   1   3   0 |   r = L
   2   0   7   0  24   2   8   0   0   0   0  10   2  62   0   0   2   0 649   0   1  27   3   0   4   0 |   s = P
  14   0   0   0  33  21   6   0   0   0  11   0   8   6   5   0   0   1   0 636   0   0  10   1   7   9 |   t = E
   2   0   0   1   3   0  12   5   0   1   0   0   3   0   0  17  23   0   1   0 688   7   0   1   0   0 |   u = V
  38   0   5   2   0   5   0   2   0   3   1   0   0  11   0   5   1   0   3   0  56 646   7   1   0   0 |   v = Y
   0   0   4   0  17  73   7  20   1   0   0  26   6   0   1   3   4   2   0   8   2   8 597   0   0   4 |   w = Q
   2   0   0   9   0   0   2   2   0  16   0  21   1   0   0   8  18   0   0   0   0   0   0 725   9   0 |   x = U
   0   0  14   0  14   1  12   1   0   1  27   0  54   0  11   8   2   3   0   5   0   0   4   4 578   0 |   y = K
   8   1   1   0   0  86   1   3  26   0   2   0   1   1   0   1   0   0   0  12   0   0   3   0   0 588 |   z = Z

Scheme:weka.classifiers.functions.SMO -C 2.0 -L 0.001 -P 1.0E-12 -N 0 -V -1 -W 1 -K "weka.classifiers.functions.supportVector.PolyKernel -C 250007 -E 1.0"
=== Stratified cross-validation ===
=== Summary ===

Correctly Classified Instances       16721               83.6092 %
Incorrectly Classified Instances      3278               16.3908 %
Kappa statistic                          0.8295
Mean absolute error                      0.0711
Root mean squared error                  0.1861
Relative absolute error                 96.1565 %
Root relative squared error             96.7546 %
Total Number of Instances            19999     

=== Detailed Accuracy By Class ===

               TP Rate   FP Rate   Precision   Recall  F-Measure   ROC Area  Class
                 0.873     0.007      0.842     0.873     0.857      0.984    T
                 0.856     0.003      0.916     0.856     0.885      0.975    I
                 0.892     0.013      0.74      0.892     0.809      0.988    D
                 0.914     0.003      0.924     0.914     0.919      0.99     N
                 0.757     0.012      0.714     0.757     0.735      0.967    G
                 0.738     0.018      0.612     0.738     0.669      0.97     S
                 0.863     0.011      0.763     0.863     0.81       0.988    B
                 0.928     0.005      0.888     0.928     0.908      0.993    A
                 0.845     0.003      0.92      0.845     0.881      0.983    J
                 0.924     0.003      0.92      0.924     0.922      0.993    M
                 0.873     0.005      0.876     0.873     0.875      0.986    X
                 0.745     0.008      0.782     0.745     0.763      0.973    O
                 0.831     0.013      0.709     0.831     0.765      0.986    R
                 0.84      0.007      0.832     0.84      0.836      0.981    F
                 0.781     0.003      0.904     0.781     0.838      0.986    C
                 0.619     0.009      0.715     0.619     0.663      0.936    H
                 0.927     0.006      0.856     0.927     0.89       0.995    W
                 0.859     0.002      0.952     0.859     0.903      0.985    L
                 0.811     0.002      0.949     0.811     0.874      0.985    P
                 0.829     0.007      0.824     0.829     0.827      0.984    E
                 0.902     0.003      0.915     0.902     0.908      0.988    V
                 0.846     0.004      0.897     0.846     0.871      0.99     Y
                 0.766     0.005      0.852     0.766     0.807      0.981    Q
                 0.897     0.003      0.923     0.897     0.91       0.993    U
                 0.786     0.009      0.775     0.786     0.78       0.978    K
                 0.808     0.005      0.857     0.808     0.832      0.992    Z
Weighted Avg.    0.836     0.007      0.842     0.836     0.837      0.983

=== Confusion Matrix ===

   a   b   c   d   e   f   g   h   i   j   k   l   m   n   o   p   q   r   s   t   u   v   w   x   y   z   <-- classified as
 695   0   1   1  17  12   3   1   0   0   5   0   3   5   0  12   0   0   1   9   0   4   0   3  11  13 |   a = T
   0 646  16   0   0  33   4   2  13   0   9   0   0  13   3   1   0   5   2   1   0   1   0   0   0   6 |   b = I
   2   0 718   7   1   2  28   2   1   4   1   4  15   1   0   8   0   0   4   0   0   0   1   5   1   0 |   c = D
   0   0  21 716   0   0   2   2   0   6   0   8   7   0   0   9   5   0   1   0   3   1   0   2   0   0 |   d = N
   0   0  23   0 585  32   3   2   0   2   3   7  14   3  21   5   8   4   3   1   9   0  30   1  17   0 |   e = G
  19  12   2   0   6 552  35   2   2   0   6   1   6  14   2   0   0   6   0  23   0   2   8   0   0  50 |   f = S
   0   3  16   0  10   7 661   3   1   0   2   2  37   1   0  14   0   0   0   5   1   0   3   0   0   0 |   g = B
   0   0   5   3   2   5   1 731   3   7   0   0   6   0   0   1   2   1   0   0   0  12   1   4   4   0 |   h = A
   0  31  17   4   0  14   2  12 631   0   8   3   1   6   0   2   0   0   0   1   0   0   0   1   0  14 |   i = J
   0   0   0   6   3   0  10   5   0 732   0   1  11   0   0   9   8   0   0   0   0   0   0   7   0   0 |   j = M
   8   9  13   0   1  16   4   0   6   0 687   4   3   0   0   1   0   2   0  12   0   3   1   3  13   1 |   k = X
   0   0  42   0   2   0   0  15   1   1   1 561  10   0   7  52  42   0   4   0   0   0  11   4   0   0 |   l = O
   0   0  11  11   5   0  34   9   0   1   3   3 630   0   0  12   1   3   0   0   1   0   2   0  32   0 |   m = R
  28   2   6   7  17  25   7   1   1   0   0   0   1 651   1   6   2   0  10   3   0   2   0   2   1   2 |   n = F
   6   0   0   0  36   6   0   0   0   2   0  15   0   4 575   2   1   2   0  32   1   0   1   9  44   0 |   o = C
   1   0  46   6  16   0  24   0   4   2   8  46  59   7   0 454   0   1   4   0   6  10   8   8  24   0 |   p = H
   0   0   0   5   2   0   4   1   0  19   0   4   7   0   0   7 697   0   0   0   0   0   0   6   0   0 |   q = W
   2   0   3   0  18  18   3   2   0   0   9   1   4   0   6   3   0 654   0  22   0   0  13   0   3   0 |   r = L
   2   0   7   0  27   1   5   0   0   0   0  10   2  61   0   0   2   0 651   0   2  26   3   0   4   0 |   s = P
  13   0   0   0  33  22   5   0   0   0  11   0   9   5   5   0   0   2   0 637   0   0   9   1   7   9 |   t = E
   2   0   0   1   4   0  13   4   0   1   0   0   4   0   0  14  22   0   1   0 689   8   0   1   0   0 |   u = V
  37   0   4   1   0   4   0   3   0   3   3   0   0  11   0   4   1   0   3   0  40 665   6   1   0   0 |   v = Y
   0   0   4   0  19  70   7  17   1   0   0  26   4   0   1   4   4   4   2   8   1   7 600   0   0   4 |   w = Q
   2   0   0   7   0   0   2   3   0  15   0  21   1   0   1   7  17   0   0   0   0   0   0 729   8   0 |   x = U
   0   0  14   0  15   2   8   1   0   1  27   0  53   0  14   7   2   3   0   4   0   0   4   3 581   0 |   y = K
   8   2   1   0   0  81   1   5  22   0   1   0   1   0   0   1   0   0   0  15   0   0   3   0   0 593 |   z = Z

Scheme:weka.classifiers.functions.SMO -C 0.5 -L 0.001 -P 1.0E-12 -N 0 -V -1 -W 1 -K "weka.classifiers.functions.supportVector.RBFKernel -C 250007 -G 0.01"

