1. Letter

=== Stratified cross-validation ===
=== Summary ===

Correctly Classified Instances       16512               82.56   %
Incorrectly Classified Instances      3488               17.44   %
Kappa statistic                          0.8186
Mean absolute error                      0.0155
Root mean squared error                  0.1079
Relative absolute error                 20.9834 %
Root relative squared error             56.0979 %
Total Number of Instances            20000     

=== Detailed Accuracy By Class ===

               TP Rate   FP Rate   Precision   Recall  F-Measure   ROC Area  Class
                 0.891     0.006      0.862     0.891     0.876      0.966    A
                 0.852     0.019      0.641     0.852     0.732      0.977    B
                 0.804     0.004      0.896     0.804     0.848      0.951    C
                 0.843     0.013      0.734     0.843     0.785      0.98     D
                 0.801     0.01       0.756     0.801     0.777      0.966    E
                 0.788     0.007      0.82      0.788     0.804      0.944    F
                 0.69      0.004      0.881     0.69      0.774      0.867    G
                 0.644     0.005      0.836     0.644     0.728      0.884    H
                 0.819     0.002      0.948     0.819     0.878      0.935    I
                 0.815     0.003      0.912     0.815     0.861      0.928    J
                 0.825     0.012      0.721     0.825     0.77       0.974    K
                 0.846     0.003      0.907     0.846     0.876      0.953    L
                 0.917     0.005      0.886     0.917     0.901      0.983    M
                 0.833     0.003      0.918     0.833     0.873      0.957    N
                 0.801     0.007      0.816     0.801     0.808      0.954    O
                 0.858     0.009      0.804     0.858     0.83       0.983    P
                 0.83      0.011      0.762     0.83      0.795      0.946    Q
                 0.789     0.012      0.724     0.789     0.755      0.948    R
                 0.65      0.007      0.793     0.65      0.714      0.88     S
                 0.82      0.003      0.918     0.82      0.867      0.937    T
                 0.908     0.005      0.887     0.908     0.897      0.985    U
                 0.886     0.003      0.912     0.886     0.899      0.974    V
                 0.892     0.003      0.909     0.892     0.901      0.982    W
                 0.879     0.011      0.76      0.879     0.815      0.988    X
                 0.882     0.008      0.821     0.882     0.85       0.987    Y
                 0.877     0.007      0.828     0.877     0.852      0.986    Z
Weighted Avg.    0.826     0.007      0.833     0.826     0.826      0.955

=== Confusion Matrix ===

   a   b   c   d   e   f   g   h   i   j   k   l   m   n   o   p   q   r   s   t   u   v   w   x   y   z   <-- classified as
 703   2   1   8   1   3   0   1   0   6   3   3   6   2   0   0   7   4   3   0   9   6   4   6   5   6 |   a = A
   0 653   1  17  10   2   2   2   0   0   2   1   0   0   1   3   4  31  17   0   0   1   0  11   8   0 |   b = B
   0   1 592   0  31   3  14   7   0   1  35   6   2   0  17   2   9   0   3   1   8   0   1   3   0   0 |   c = C
   6  25   0 679   0   1   0  14   0   6   7   0   6   4  18   3   1  18   1   0   5   0   0   8   2   1 |   d = D
   2  20  13   3 615   5   6   2   0   0  21   2   1   0   0   1  18  11  15   1   0   1   0  15   0  16 |   e = E
   0  23   5  11   6 611   0   2   9   3   1   1   0   1   1  35   3   3  11  22   1   2   5   5  11   3 |   f = F
  13  19  16  17   3   4 533   3   0   0  31   4   3   0   8  20  48  19   3   0   2   0   2  15   8   2 |   g = G
   4  24   1  23   2  10   7 473   0   4  33   0   5  10  13  16   8  53   1   0  13  14   1   5   8   6 |   h = H
   7  10   1  22   5  10   1   0 618  15   3   0   0   0   7  16   2   1  10   0   0   0   0  15   5   7 |   i = I
  16   4   0  12   2  14   0   3   8 609   1   2   0   1   3   5   5   0  13   4   1   0   0  13   0  31 |   j = J
   2  15   2   6   5   4   3   6   0   0 610   4   2   9   0   1   0  25   0   0   7   1   1  33   2   1 |   k = K
   3   5   4   5  27   2  11   3   3   0   5 644   2   1   1   0   3   5   1   1   3   0   0  22   8   2 |   l = L
   3  11   0   1   0   0   0   6   0   0   2   0 726   9   1   6   1  11   0   0   3   0  10   0   2   0 |   m = M
   8   5   3  18   1   6   0  17   0   0   5   0  12 652  19   5   2   4   0   1   8   2   9   0   6   0 |   n = N
   2   7   5  29   0   0   2   9   0   2   4   1   8   4 603   9  36  15   0   0   7   1   8   1   0   0 |   o = O
   2  17   0   7   2  32   2   0   2   0   4   1   0   1   6 689  10   5   0   0   1   6   0   1  15   0 |   p = P
   6  24   3   5  11   1   8   0   1   0   3   9   1   0  20   4 650   2   4   1   0   3   0   5   4  18 |   q = Q
   8  51   0  12   5   1   4   4   0   0  29   2   4   6   2   6   8 598   0   0   1   0   1  11   5   0 |   r = R
  18  54   3  19  26  18   1   1   1  17   3  20   0   0   6   4   4   6 486   3   0   4   1  16   7  30 |   s = S
   0  12   3  11  26   6   9   4   3   0  13   0   0   0   3   3   2   1   7 653   8   5   0  11  12   4 |   t = T
   0   3   2   3   0   0   0   3   0   0   9   0  17   6   5   2   5   0   0   2 738   1   8   0   8   1 |   u = U
   2  15   1   4   4   1   0   0   0   0   1   0   1   0   2  13   3   3   0   2   0 677  16   1  18   0 |   v = V
   0  12   0   0   1   2   0   3   0   0   2   0  22   4   2  10   3   7   0   0   5   4 671   0   3   1 |   w = W
   2   2   1   8  15   1   0   2   4   0  16   5   0   0   1   1   1   3  11   3   3   0   0 692  12   4 |   x = X
   3   3   1   2   3   7   0   1   2   0   1   0   1   0   0   3  17   1   1  15   9  14   0   8 693   1 |   y = Y
   6   2   3   3  13   1   2   0   1   5   2   5   0   0   0   0   3   0  26   2   0   0   0  14   2 644 |   z = Z




=== Stratified cross-validation ===
=== Summary ===

Correctly Classified Instances       16246               81.23   %
Incorrectly Classified Instances      3754               18.77   %
Kappa statistic                          0.8048
Mean absolute error                      0.0159
Root mean squared error                  0.1135
Relative absolute error                 21.4582 %
Root relative squared error             59.0282 %
Total Number of Instances            20000     

=== Detailed Accuracy By Class ===

               TP Rate   FP Rate   Precision   Recall  F-Measure   ROC Area  Class
                 0.896     0.008      0.827     0.896     0.86       0.976    A
                 0.79      0.015      0.671     0.79      0.725      0.959    B
                 0.814     0.004      0.874     0.814     0.843      0.959    C
                 0.862     0.015      0.7       0.862     0.773      0.976    D
                 0.759     0.009      0.771     0.759     0.765      0.956    E
                 0.745     0.008      0.789     0.745     0.766      0.942    F
                 0.682     0.004      0.87      0.682     0.764      0.876    G
                 0.691     0.008      0.772     0.691     0.729      0.898    H
                 0.808     0.002      0.937     0.808     0.868      0.935    I
                 0.786     0.003      0.916     0.786     0.846      0.905    J
                 0.804     0.01       0.751     0.804     0.776      0.967    K
                 0.84      0.003      0.908     0.84      0.872      0.943    L
                 0.907     0.005      0.88      0.907     0.893      0.979    M
                 0.82      0.004      0.898     0.82      0.857      0.953    N
                 0.795     0.006      0.832     0.795     0.813      0.95     O
                 0.872     0.009      0.798     0.872     0.833      0.974    P
                 0.796     0.013      0.707     0.796     0.749      0.938    Q
                 0.792     0.014      0.693     0.792     0.739      0.958    R
                 0.64      0.009      0.736     0.64      0.685      0.859    S
                 0.81      0.003      0.91      0.81      0.857      0.942    T
                 0.891     0.005      0.888     0.891     0.889      0.98     U
                 0.861     0.002      0.935     0.861     0.896      0.948    V
                 0.895     0.003      0.912     0.895     0.903      0.981    W
                 0.868     0.016      0.696     0.868     0.773      0.974    X
                 0.864     0.008      0.824     0.864     0.843      0.983    Y
                 0.809     0.007      0.81      0.809     0.81       0.962    Z
Weighted Avg.    0.812     0.008      0.819     0.812     0.813      0.949

=== Confusion Matrix ===

   a   b   c   d   e   f   g   h   i   j   k   l   m   n   o   p   q   r   s   t   u   v   w   x   y   z   <-- classified as
 707   5   1   5   2   2   1   8   0   4   4   0   6   0   0   0   7   2   7   1   8   3   2   5   6   3 |   a = A
   0 605   4  40  10   5   1   1   0   1   5   1   1   0   2   4   8  45  17   0   0   0   0  12   3   1 |   b = B
   2   1 599   1  22   4  14   3   3   1  19   4   7   0  15   3   8   2   7   0  10   1   0  10   0   0 |   c = C
   7  11   0 694   0   2   1  20   0   4   4   2   4   4  13   5   2  14   0   0   5   0   0  12   1   0 |   d = D
   0  17  17   1 583  10  11   4   5   0  15   5   0   0   0   1  18  10  24   1   1   0   0  23   1  21 |   e = E
   1  31   4  17   3 577   1   4  11   0   0   1   0   2   2  44   2   3  11  25   2   0   4  14   9   7 |   f = F
  20   9  22  14   4   4 527   6   0   0  21   2   5   1   5  14  58  25   1   1   4   0   3  16   7   4 |   g = G
   8  20   7  22   2   9   3 507   0   2  37   0   2  11  12  14   5  37   0   0   7   3   1  11  13   1 |   h = H
   5  10   1  17   5  11   1   0 610   7   1   3   0   0   2  16   3   5  21   1   0   0   0  23   3  10 |   i = I
   9   9   2  10   4  17   0   3  13 587   0   2   1   1   3  11   5   8  10   4   1   0   0  29   4  14 |   j = J
   6  12   2   8   8   1   0   9   0   0 594   0   5  17   1   0   5  28   0   2   6   0   1  32   2   0 |   k = K
   1  11   1   1  26   0  15   2   0   0   5 639   1   1   2   0   4   8   3   0   6   0   0  26   6   3 |   l = L
   0   9   2   4   1   2   0   2   0   0   5   0 718  21   2   1   5   9   0   0   2   1   7   0   1   0 |   m = M
   7   1   0  21   2   9   0  21   0   0   4   0  21 642  17   5   5   9   0   0   5   1   7   2   4   0 |   n = N
   5   3   3  25   0   0   4  13   0   5   4   6   4   1 599   5  32  14   0   0   9   5  13   2   1   0 |   o = O
   2  11   2  14   1  30   4   0   1   1   2   0   1   0   2 700   8  10   0   1   0   0   3   2   8   0 |   p = P
   9  17   4  10   6   0  16   3   0   0   4  10   1   0  23   8 623   6  11   0   1   1   2   3   5  20 |   q = Q
  18  29   1  21   2   2   2  14   0   1  25   2   4   1   1   5  15 600   0   0   1   0   1  13   0   0 |   r = R
  18  41   4  17  18  18   0   0   3  19   3  15   0   0   9   0   5  14 479   4   0   5   0  25  12  39 |   s = S
   1   7   2  12  22  11   2  13   0   1   5   2   0   0   1   4   2   2  10 645  11   5   0  11  20   7 |   t = T
   5   3   4   7   1   2   0   8   0   0   3   1  18   8   4   1  10   0   1   0 724   3   7   2   1   0 |   u = U
   4  16   0   5   4   3   0   5   0   0   1   0   0   1   1  15   8   6   0   2   1 658  14   1  19   0 |   v = V
   4   4   2   4   3   0   0   3   0   0   8   0  14   2   0   8  14   4   0   0   3   4 673   1   1   0 |   w = W
   2   6   0  13  13   0   2   3   1   4  19   3   1   2   3   1   4   2   4   4   3   0   0 683   6   8 |   x = X
   4   4   0   3   4   9   0   5   0   2   3   0   2   0   1  11  13   0   3  16   5  14   0   7 679   1 |   y = Y
  10  10   1   5  10   3   1   0   4   2   0   6   0   0   0   1  12   3  42   2   0   0   0  16  12 594 |   z = Z






   === Stratified cross-validation ===
=== Summary ===

Correctly Classified Instances       16555               82.775  %
Incorrectly Classified Instances      3445               17.225  %
Kappa statistic                          0.8208
Mean absolute error                      0.0162
Root mean squared error                  0.106 
Relative absolute error                 21.8558 %
Root relative squared error             55.1429 %
Total Number of Instances            20000     

=== Detailed Accuracy By Class ===

               TP Rate   FP Rate   Precision   Recall  F-Measure   ROC Area  Class
                 0.885     0.006      0.868     0.885     0.876      0.968    A
                 0.847     0.016      0.673     0.847     0.75       0.981    B
                 0.814     0.004      0.889     0.814     0.85       0.951    C
                 0.857     0.014      0.714     0.857     0.779      0.982    D
                 0.81      0.011      0.751     0.81      0.779      0.968    E
                 0.779     0.007      0.825     0.779     0.802      0.951    F
                 0.693     0.003      0.889     0.693     0.779      0.875    G
                 0.651     0.004      0.852     0.651     0.738      0.883    H
                 0.815     0.001      0.961     0.815     0.882      0.935    I
                 0.815     0.004      0.9       0.815     0.855      0.931    J
                 0.816     0.011      0.74      0.816     0.776      0.973    K
                 0.852     0.004      0.898     0.852     0.874      0.957    L
                 0.923     0.005      0.881     0.923     0.901      0.984    M
                 0.84      0.004      0.898     0.84      0.868      0.96     N
                 0.806     0.007      0.818     0.806     0.812      0.958    O
                 0.873     0.009      0.808     0.873     0.839      0.984    P
                 0.817     0.011      0.753     0.817     0.784      0.949    Q
                 0.799     0.011      0.735     0.799     0.766      0.955    R
                 0.644     0.006      0.81      0.644     0.718      0.886    S
                 0.834     0.003      0.917     0.834     0.874      0.939    T
                 0.891     0.005      0.875     0.891     0.883      0.984    U
                 0.89      0.003      0.921     0.89      0.905      0.976    V
                 0.888     0.004      0.899     0.888     0.894      0.985    W
                 0.887     0.011      0.76      0.887     0.819      0.989    X
                 0.893     0.008      0.828     0.893     0.859      0.989    Y
                 0.876     0.007      0.832     0.876     0.853      0.986    Z
Weighted Avg.    0.828     0.007      0.834     0.828     0.828      0.957

=== Confusion Matrix ===

   a   b   c   d   e   f   g   h   i   j   k   l   m   n   o   p   q   r   s   t   u   v   w   x   y   z   <-- classified as
 698   2   2  10   0   3   0   1   0   6   2   1   7   2   0   0  11   1   5   1  13   4   4   7   5   4 |   a = A
   0 649   1  22  11   2   2   1   1   0   2   1   0   0   2   2   6  30  15   0   0   1   0   9   9   0 |   b = B
   1   0 599   0  32   3  11   4   0   1  29   3   5   1  14   2   7   0   2   2   9   0   3   6   2   0 |   c = C
   5  20   0 690   0   3   0  14   0   6   5   2   5   5  14   2   2  16   0   0   8   1   0   4   1   2 |   d = D
   1  17  12   3 622   5   5   0   0   0  21   2   0   0   0   1  24  11  12   1   1   0   0   9   2  19 |   e = E
   1  24   9  17   6 604   0   2   7   3   1   2   1   1   0  36   4   3  11  21   1   1   4   4  10   2 |   f = F
  15  11  16  17   5   1 536   2   0   0  31   6   2   0   7  20  49  19   1   0   2   0   5  15  11   2 |   g = G
   9  25   2  28   2  10   5 478   0   4  30   1   6  14  14   8   6  41   0   0  15  18   2   3  10   3 |   h = H
   2  14   2  23   1  12   3   0 615  18   1   2   0   0   6  17   2   1   9   1   0   0   0  17   3   6 |   i = I
  15   2   0  10   3  18   0   3   8 609   1   4   0   0   4   5   6   0   8   1   0   0   0  20   4  26 |   j = J
   1  15   2   6   6   4   2   8   0   1 603   5   1  10   0   0   2  25   0   0   7   1   0  39   1   0 |   k = K
   2   3   4   4  26   3  11   2   1   0   8 648   2   0   0   0   4   4   1   2   5   0   0  24   6   1 |   l = L
   1   8   0   2   0   0   0   6   0   0   2   0 731  13   0   6   3  10   0   0   2   0   6   0   2   0 |   m = M
   5   4   2  23   1   7   0  13   0   0   4   0  11 658  15   4   2   7   0   0  11   1  10   1   4   0 |   n = N
   5   5   4  29   0   0   2   7   0   3   2   2   5   4 607  12  25  15   0   0   6   2  15   2   1   0 |   o = O
   3  15   1   8   2  21   1   0   0   0   3   1   0   2   8 701  11   5   0   0   1   4   1   2  13   0 |   p = P
   5  22   6   6  15   1  10   0   1   2   2  11   1   0  25   8 640   3   3   0   0   0   0   4   2  16 |   q = Q
   9  40   0  13   5   0   2   6   0   0  29   1   5   5   3   9   9 606   0   0   0   0   0   9   7   0 |   r = R
  17  44   4  23  30  20   1   0   0  19   5  21   0   0   5   4   2   6 482   3   0   4   1  19   7  31 |   s = S
   0   8   1   7  22   4   9   7   2   0   8   0   0   0   3   4   1   2   7 664   9   3   0   8  12  15 |   t = T
   1   2   3   3   0   1   0   3   0   0   6   1  22  10  12   1   4   2   1   1 724   1   6   0   9   0 |   u = U
   1  18   1   5   4   0   0   0   0   0   2   0   2   0   0  13   3   3   0   2   0 680  18   0  12   0 |   v = V
   0  11   0   0   1   0   0   2   0   0   3   0  22   8   1   9   3   9   0   0   4   6 668   0   5   0 |   w = W
   1   4   0   9  20   2   0   1   3   1  15   3   0   0   1   0   2   2   8   3   4   0   0 698   7   3 |   x = X
   2   1   2   4   1   6   0   1   1   0   0   0   2   0   1   4  15   1   3  20   5  11   0   4 702   0 |   y = Y
   4   1   1   4  13   2   3   0   1   4   0   5   0   0   0   0   7   2  27   2   0   0   0  14   1 643 |   z = Z




   === Stratified cross-validation ===
=== Summary ===

Correctly Classified Instances       16512               82.56   %
Incorrectly Classified Instances      3488               17.44   %
Kappa statistic                          0.8186
Mean absolute error                      0.0155
Root mean squared error                  0.1079
Relative absolute error                 20.9834 %
Root relative squared error             56.0979 %
Total Number of Instances            20000     

=== Detailed Accuracy By Class ===

               TP Rate   FP Rate   Precision   Recall  F-Measure   ROC Area  Class
                 0.891     0.006      0.862     0.891     0.876      0.966    A
                 0.852     0.019      0.641     0.852     0.732      0.977    B
                 0.804     0.004      0.896     0.804     0.848      0.951    C
                 0.843     0.013      0.734     0.843     0.785      0.98     D
                 0.801     0.01       0.756     0.801     0.777      0.966    E
                 0.788     0.007      0.82      0.788     0.804      0.944    F
                 0.69      0.004      0.881     0.69      0.774      0.867    G
                 0.644     0.005      0.836     0.644     0.728      0.884    H
                 0.819     0.002      0.948     0.819     0.878      0.935    I
                 0.815     0.003      0.912     0.815     0.861      0.928    J
                 0.825     0.012      0.721     0.825     0.77       0.974    K
                 0.846     0.003      0.907     0.846     0.876      0.953    L
                 0.917     0.005      0.886     0.917     0.901      0.983    M
                 0.833     0.003      0.918     0.833     0.873      0.957    N
                 0.801     0.007      0.816     0.801     0.808      0.954    O
                 0.858     0.009      0.804     0.858     0.83       0.983    P
                 0.83      0.011      0.762     0.83      0.795      0.946    Q
                 0.789     0.012      0.724     0.789     0.755      0.948    R
                 0.65      0.007      0.793     0.65      0.714      0.88     S
                 0.82      0.003      0.918     0.82      0.867      0.937    T
                 0.908     0.005      0.887     0.908     0.897      0.985    U
                 0.886     0.003      0.912     0.886     0.899      0.974    V
                 0.892     0.003      0.909     0.892     0.901      0.982    W
                 0.879     0.011      0.76      0.879     0.815      0.988    X
                 0.882     0.008      0.821     0.882     0.85       0.987    Y
                 0.877     0.007      0.828     0.877     0.852      0.986    Z
Weighted Avg.    0.826     0.007      0.833     0.826     0.826      0.955

=== Confusion Matrix ===

   a   b   c   d   e   f   g   h   i   j   k   l   m   n   o   p   q   r   s   t   u   v   w   x   y   z   <-- classified as
 703   2   1   8   1   3   0   1   0   6   3   3   6   2   0   0   7   4   3   0   9   6   4   6   5   6 |   a = A
   0 653   1  17  10   2   2   2   0   0   2   1   0   0   1   3   4  31  17   0   0   1   0  11   8   0 |   b = B
   0   1 592   0  31   3  14   7   0   1  35   6   2   0  17   2   9   0   3   1   8   0   1   3   0   0 |   c = C
   6  25   0 679   0   1   0  14   0   6   7   0   6   4  18   3   1  18   1   0   5   0   0   8   2   1 |   d = D
   2  20  13   3 615   5   6   2   0   0  21   2   1   0   0   1  18  11  15   1   0   1   0  15   0  16 |   e = E
   0  23   5  11   6 611   0   2   9   3   1   1   0   1   1  35   3   3  11  22   1   2   5   5  11   3 |   f = F
  13  19  16  17   3   4 533   3   0   0  31   4   3   0   8  20  48  19   3   0   2   0   2  15   8   2 |   g = G
   4  24   1  23   2  10   7 473   0   4  33   0   5  10  13  16   8  53   1   0  13  14   1   5   8   6 |   h = H
   7  10   1  22   5  10   1   0 618  15   3   0   0   0   7  16   2   1  10   0   0   0   0  15   5   7 |   i = I
  16   4   0  12   2  14   0   3   8 609   1   2   0   1   3   5   5   0  13   4   1   0   0  13   0  31 |   j = J
   2  15   2   6   5   4   3   6   0   0 610   4   2   9   0   1   0  25   0   0   7   1   1  33   2   1 |   k = K
   3   5   4   5  27   2  11   3   3   0   5 644   2   1   1   0   3   5   1   1   3   0   0  22   8   2 |   l = L
   3  11   0   1   0   0   0   6   0   0   2   0 726   9   1   6   1  11   0   0   3   0  10   0   2   0 |   m = M
   8   5   3  18   1   6   0  17   0   0   5   0  12 652  19   5   2   4   0   1   8   2   9   0   6   0 |   n = N
   2   7   5  29   0   0   2   9   0   2   4   1   8   4 603   9  36  15   0   0   7   1   8   1   0   0 |   o = O
   2  17   0   7   2  32   2   0   2   0   4   1   0   1   6 689  10   5   0   0   1   6   0   1  15   0 |   p = P
   6  24   3   5  11   1   8   0   1   0   3   9   1   0  20   4 650   2   4   1   0   3   0   5   4  18 |   q = Q
   8  51   0  12   5   1   4   4   0   0  29   2   4   6   2   6   8 598   0   0   1   0   1  11   5   0 |   r = R
  18  54   3  19  26  18   1   1   1  17   3  20   0   0   6   4   4   6 486   3   0   4   1  16   7  30 |   s = S
   0  12   3  11  26   6   9   4   3   0  13   0   0   0   3   3   2   1   7 653   8   5   0  11  12   4 |   t = T
   0   3   2   3   0   0   0   3   0   0   9   0  17   6   5   2   5   0   0   2 738   1   8   0   8   1 |   u = U
   2  15   1   4   4   1   0   0   0   0   1   0   1   0   2  13   3   3   0   2   0 677  16   1  18   0 |   v = V
   0  12   0   0   1   2   0   3   0   0   2   0  22   4   2  10   3   7   0   0   5   4 671   0   3   1 |   w = W
   2   2   1   8  15   1   0   2   4   0  16   5   0   0   1   1   1   3  11   3   3   0   0 692  12   4 |   x = X
   3   3   1   2   3   7   0   1   2   0   1   0   1   0   0   3  17   1   1  15   9  14   0   8 693   1 |   y = Y
   6   2   3   3  13   1   2   0   1   5   2   5   0   0   0   0   3   0  26   2   0   0   0  14   2 644 |   z = Z





   === Stratified cross-validation ===
=== Summary ===

Correctly Classified Instances       16512               82.56   %
Incorrectly Classified Instances      3488               17.44   %
Kappa statistic                          0.8186
Mean absolute error                      0.0155
Root mean squared error                  0.1079
Relative absolute error                 20.9834 %
Root relative squared error             56.0979 %
Total Number of Instances            20000     

=== Detailed Accuracy By Class ===

               TP Rate   FP Rate   Precision   Recall  F-Measure   ROC Area  Class
                 0.891     0.006      0.862     0.891     0.876      0.966    A
                 0.852     0.019      0.641     0.852     0.732      0.977    B
                 0.804     0.004      0.896     0.804     0.848      0.951    C
                 0.843     0.013      0.734     0.843     0.785      0.98     D
                 0.801     0.01       0.756     0.801     0.777      0.966    E
                 0.788     0.007      0.82      0.788     0.804      0.944    F
                 0.69      0.004      0.881     0.69      0.774      0.867    G
                 0.644     0.005      0.836     0.644     0.728      0.884    H
                 0.819     0.002      0.948     0.819     0.878      0.935    I
                 0.815     0.003      0.912     0.815     0.861      0.928    J
                 0.825     0.012      0.721     0.825     0.77       0.974    K
                 0.846     0.003      0.907     0.846     0.876      0.953    L
                 0.917     0.005      0.886     0.917     0.901      0.983    M
                 0.833     0.003      0.918     0.833     0.873      0.957    N
                 0.801     0.007      0.816     0.801     0.808      0.954    O
                 0.858     0.009      0.804     0.858     0.83       0.983    P
                 0.83      0.011      0.762     0.83      0.795      0.946    Q
                 0.789     0.012      0.724     0.789     0.755      0.948    R
                 0.65      0.007      0.793     0.65      0.714      0.88     S
                 0.82      0.003      0.918     0.82      0.867      0.937    T
                 0.908     0.005      0.887     0.908     0.897      0.985    U
                 0.886     0.003      0.912     0.886     0.899      0.974    V
                 0.892     0.003      0.909     0.892     0.901      0.982    W
                 0.879     0.011      0.76      0.879     0.815      0.988    X
                 0.882     0.008      0.821     0.882     0.85       0.987    Y
                 0.877     0.007      0.828     0.877     0.852      0.986    Z
Weighted Avg.    0.826     0.007      0.833     0.826     0.826      0.955

=== Confusion Matrix ===

   a   b   c   d   e   f   g   h   i   j   k   l   m   n   o   p   q   r   s   t   u   v   w   x   y   z   <-- classified as
 703   2   1   8   1   3   0   1   0   6   3   3   6   2   0   0   7   4   3   0   9   6   4   6   5   6 |   a = A
   0 653   1  17  10   2   2   2   0   0   2   1   0   0   1   3   4  31  17   0   0   1   0  11   8   0 |   b = B
   0   1 592   0  31   3  14   7   0   1  35   6   2   0  17   2   9   0   3   1   8   0   1   3   0   0 |   c = C
   6  25   0 679   0   1   0  14   0   6   7   0   6   4  18   3   1  18   1   0   5   0   0   8   2   1 |   d = D
   2  20  13   3 615   5   6   2   0   0  21   2   1   0   0   1  18  11  15   1   0   1   0  15   0  16 |   e = E
   0  23   5  11   6 611   0   2   9   3   1   1   0   1   1  35   3   3  11  22   1   2   5   5  11   3 |   f = F
  13  19  16  17   3   4 533   3   0   0  31   4   3   0   8  20  48  19   3   0   2   0   2  15   8   2 |   g = G
   4  24   1  23   2  10   7 473   0   4  33   0   5  10  13  16   8  53   1   0  13  14   1   5   8   6 |   h = H
   7  10   1  22   5  10   1   0 618  15   3   0   0   0   7  16   2   1  10   0   0   0   0  15   5   7 |   i = I
  16   4   0  12   2  14   0   3   8 609   1   2   0   1   3   5   5   0  13   4   1   0   0  13   0  31 |   j = J
   2  15   2   6   5   4   3   6   0   0 610   4   2   9   0   1   0  25   0   0   7   1   1  33   2   1 |   k = K
   3   5   4   5  27   2  11   3   3   0   5 644   2   1   1   0   3   5   1   1   3   0   0  22   8   2 |   l = L
   3  11   0   1   0   0   0   6   0   0   2   0 726   9   1   6   1  11   0   0   3   0  10   0   2   0 |   m = M
   8   5   3  18   1   6   0  17   0   0   5   0  12 652  19   5   2   4   0   1   8   2   9   0   6   0 |   n = N
   2   7   5  29   0   0   2   9   0   2   4   1   8   4 603   9  36  15   0   0   7   1   8   1   0   0 |   o = O
   2  17   0   7   2  32   2   0   2   0   4   1   0   1   6 689  10   5   0   0   1   6   0   1  15   0 |   p = P
   6  24   3   5  11   1   8   0   1   0   3   9   1   0  20   4 650   2   4   1   0   3   0   5   4  18 |   q = Q
   8  51   0  12   5   1   4   4   0   0  29   2   4   6   2   6   8 598   0   0   1   0   1  11   5   0 |   r = R
  18  54   3  19  26  18   1   1   1  17   3  20   0   0   6   4   4   6 486   3   0   4   1  16   7  30 |   s = S
   0  12   3  11  26   6   9   4   3   0  13   0   0   0   3   3   2   1   7 653   8   5   0  11  12   4 |   t = T
   0   3   2   3   0   0   0   3   0   0   9   0  17   6   5   2   5   0   0   2 738   1   8   0   8   1 |   u = U
   2  15   1   4   4   1   0   0   0   0   1   0   1   0   2  13   3   3   0   2   0 677  16   1  18   0 |   v = V
   0  12   0   0   1   2   0   3   0   0   2   0  22   4   2  10   3   7   0   0   5   4 671   0   3   1 |   w = W
   2   2   1   8  15   1   0   2   4   0  16   5   0   0   1   1   1   3  11   3   3   0   0 692  12   4 |   x = X
   3   3   1   2   3   7   0   1   2   0   1   0   1   0   0   3  17   1   1  15   9  14   0   8 693   1 |   y = Y
   6   2   3   3  13   1   2   0   1   5   2   5   0   0   0   0   3   0  26   2   0   0   0  14   2 644 |   z = Z




   ============================
2. digit




=== Cross-validation ===
=== Summary ===

Correlation coefficient                  0.9273
Mean absolute error                      0.5728
Root mean squared error                  1.1051
Relative absolute error                 22.9492 %
Root relative squared error             38.5267 %
Total Number of Instances             5618 



// Below are two times running with the same parameters (L=0.6)
=== Cross-validation ===
=== Summary ===

Correlation coefficient                  0.7477
Mean absolute error                      1.5348
Root mean squared error                  2.1426
Relative absolute error                 61.4965 %
Root relative squared error             74.6975 %
Total Number of Instances             5618  
//////////////
=== Stratified cross-validation ===
=== Summary ===

Correctly Classified Instances        5526               98.3624 %
Incorrectly Classified Instances        92                1.6376 %
Kappa statistic                          0.9818
Mean absolute error                      0.0046
Root mean squared error                  0.0536
Relative absolute error                  2.5386 %
Root relative squared error             17.857  %
Total Number of Instances             5618     

=== Detailed Accuracy By Class ===

               TP Rate   FP Rate   Precision   Recall  F-Measure   ROC Area  Class
                 0.993     0.001      0.993     0.993     0.993      1        0
                 0.991     0.004      0.966     0.991     0.978      0.999    1
                 0.991     0.001      0.991     0.991     0.991      0.999    2
                 0.979     0.002      0.984     0.979     0.982      0.999    3
                 0.984     0.002      0.986     0.984     0.985      1        4
                 0.986     0.002      0.982     0.986     0.984      0.999    5
                 0.987     0.002      0.986     0.987     0.987      1        6
                 0.991     0.001      0.995     0.991     0.993      1        7
                 0.966     0.002      0.985     0.966     0.975      0.998    8
                 0.968     0.003      0.97      0.968     0.969      0.999    9
Weighted Avg.    0.984     0.002      0.984     0.984     0.984      0.999

=== Confusion Matrix ===

   a   b   c   d   e   f   g   h   i   j   <-- classified as
 550   0   1   0   1   0   1   0   1   0 |   a = 0
   0 566   1   0   0   0   0   1   1   2 |   b = 1
   0   1 552   2   0   1   1   0   0   0 |   c = 2
   0   2   2 560   0   3   0   0   0   5 |   d = 3
   1   1   0   0 559   0   3   1   0   3 |   e = 4
   0   1   0   2   0 550   1   0   1   3 |   f = 5
   1   2   1   0   3   0 551   0   0   0 |   g = 6
   0   0   0   1   1   0   0 560   1   2 |   h = 7
   0  11   0   1   0   3   2   0 534   2 |   i = 8
   2   2   0   3   3   3   0   1   4 544 |   j = 9





=== Cross-validation ===
=== Summary ===

Correlation coefficient                  0.9327
Mean absolute error                      0.604 
Root mean squared error                  1.0681
Relative absolute error                 24.2011 %
Root relative squared error             37.2382 %
Total Number of Instances             5618     




=== Cross-validation ===
=== Summary ===

Correlation coefficient                  0.9273
Mean absolute error                      0.5728
Root mean squared error                  1.1051
Relative absolute error                 22.9492 %
Root relative squared error             38.5267 %
Total Number of Instances             5618   




=== Cross-validation ===
=== Summary ===

Correlation coefficient                  0.9273
Mean absolute error                      0.5728
Root mean squared error                  1.1051
Relative absolute error                 22.9492 %
Root relative squared error             38.5267 %
Total Number of Instances             5618  